7 21 1 
7 21 58 
7 22 4 
7 23 31 
7 23 33 
7 25 29 
7 26 24 
7 26 27 
7 26 34 
7 27 28 
7 28 18 
7 29 18 
7 31 35 
7 34 12 
7 34 43 
7 35 56 
7 38 18 
7 39 48 
7 40 27 
7 41 2 
7 41 43 
7 42 10 
7 43 14 
7 43 31 
7 44 6 
7 45 5 
7 45 13 
7 45 53 
7 46 43 
7 47 22 
7 48 27 
7 50 58 
7 51 3 
7 51 47 
7 53 23 
7 55 40 
7 56 20 
7 57 0 
7 57 3 
7 57 14 
7 58 21 
7 58 58 
7 59 10 
7 59 19 
8 0 38 
8 0 43 
8 1 22 
8 2 42 
8 2 59 
8 3 3 
8 3 18 
8 4 11 
8 4 37 
8 5 7 
8 5 12 
8 6 32 
8 6 36 
8 7 5 
8 8 33 
8 10 6 
8 11 5 
8 11 55 
8 12 31 
8 12 36 
8 13 31 
8 14 50 
8 17 9 
8 18 50 
8 20 6 
8 21 21 
8 22 9 
8 22 56 
8 23 3 
8 23 55 
8 24 43 
8 26 46 
8 28 3 
8 28 59 
8 30 57 
8 31 51 
8 33 49 
8 34 21 
8 35 58 
8 36 25 
8 36 32 
8 36 47 
8 38 33 
8 39 4 
8 39 57 
8 41 19 
8 41 35 
8 42 33 
8 42 42 
8 43 35 
8 44 22 
8 44 52 
8 45 43 
8 48 55 
8 49 55 
8 50 13 
8 53 9 
8 53 18 
8 54 17 
8 55 0 
8 55 13 
8 55 37 
8 55 42 
8 55 47 
8 59 24 
9 1 3 
9 2 51 
9 3 38 
9 5 12 
9 5 46 
9 5 52 
9 7 50 
9 8 40 
9 9 10 
9 9 25 
9 9 44 
9 11 11 
9 11 52 
9 13 39 
9 14 57 
9 15 25 
9 17 14 
9 18 20 
9 18 29 
9 18 33 
9 18 52 
9 19 23 
9 20 9 
9 20 37 
9 20 50 
9 21 43 
9 22 46 
9 24 0 
9 25 26 
9 26 13 
9 27 14 
9 28 16 
9 28 45 
9 29 19 
9 30 31 
9 31 2 
9 31 56 
9 32 0 
9 32 6 
9 33 45 
9 34 40 
9 35 4 
9 35 36 
9 37 33 
9 37 56 
9 38 30 
9 39 25 
9 40 43 
9 41 13 
9 43 19 
9 43 42 
9 44 48 
9 45 22 
9 46 1 
9 47 29 
9 47 45 
9 48 13 
9 49 10 
9 51 43 
9 51 46 
9 52 0 
9 54 27 
9 55 2 
9 56 10 
9 58 5 
9 59 29 
10 0 24 
10 1 9 
10 1 14 
10 1 15 
10 3 37 
10 6 46 
10 7 19 
10 8 8 
10 9 38 
10 10 26 
10 11 14 
10 12 7 
10 13 35 
10 14 8 
10 15 45 
10 17 12 
10 18 48 
10 19 27 
10 22 1 
10 22 54 
10 27 19 
10 28 38 
10 29 19 
10 30 11 
10 30 18 
10 31 17 
10 32 20 
10 33 39 
10 34 17 
10 34 30 
10 35 3 
10 35 42 
10 35 58 
10 38 48 
10 39 41 
10 40 33 
10 42 36 
10 43 27 
10 43 41 
10 45 38 
10 46 22 
10 48 5 
10 48 16 
10 48 51 
10 49 52 
10 50 35 
10 54 21 
10 57 5 
10 58 40 
10 59 30 
11 0 10 
11 0 18 
11 1 28 
11 2 18 
11 3 2 
11 5 51 
11 7 2 
11 8 17 
11 9 12 
11 9 24 
11 9 28 
11 11 45 
11 12 3 
11 15 0 
11 16 50 
11 17 39 
11 17 48 
11 18 45 
11 19 20 
11 20 19 
11 20 58 
11 21 34 
11 22 50 
11 24 31 
11 25 4 
11 25 5 
11 25 18 
11 27 33 
11 28 32 
11 29 30 
11 29 45 
11 30 11 
11 31 13 
11 32 35 
11 34 27 
11 34 41 
11 35 36 
11 36 9 
11 38 13 
11 38 33 
11 40 3 
11 41 2 
11 41 51 
11 42 48 
11 43 0 
11 44 17 
11 48 3 
11 48 57 
11 49 50 
11 50 45 
11 50 57 
11 51 21 
11 52 19 
11 53 13 
11 54 18 
11 54 42 
11 55 43 
11 56 9 
11 57 3 
11 57 8 
11 58 5 
12 0 7 
12 1 18 
12 1 58 
12 1 59 
12 2 20 
12 3 59 
12 5 4 
12 8 15 
12 8 52 
12 9 11 
12 10 28 
12 11 30 
12 12 25 
12 14 39 
12 16 17 
12 16 41 
12 18 47 
12 19 32 
12 20 17 
12 20 43 
12 21 19 
12 21 20 
12 21 32 
12 22 21 
12 23 7 
12 24 0 
12 24 48 
12 25 21 
12 25 33 
12 25 41 
12 27 22 
12 28 3 
12 29 38 
12 30 27 
12 31 39 
12 32 25 
12 32 46 
12 32 59 
12 33 56 
12 35 37 
12 37 5 
12 38 17 
12 39 3 
12 39 47 
12 40 32 
12 41 33 
12 43 28 
12 44 17 
12 44 31 
12 44 53 
12 45 59 
12 47 37 
12 48 56 
12 50 7 
12 50 38 
12 51 30 
12 52 3 
12 52 56 
12 56 2 
12 56 38 
12 58 25 
12 58 57 
13 1 7 
13 1 19 
13 2 17 
13 3 27 
13 3 46 
13 4 43 
13 5 42 
13 6 5 
13 6 21 
13 10 26 
13 11 23 
13 12 19 
13 13 30 
13 14 4 
13 14 44 
13 15 12 
13 15 47 
13 16 30 
13 18 13 
13 19 2 
13 19 7 
13 19 31 
13 21 0 
13 21 1 
13 22 50 
13 23 28 
13 23 37 
13 24 0 
13 24 13 
13 25 48 
13 29 42 
13 30 46 
13 31 37 
13 31 51 
13 32 17 
13 33 36 
13 39 33 
13 39 39 
13 41 1 
13 43 21 
13 43 58 
13 44 13 
13 45 7 
13 46 2 
13 47 20 
13 47 36 
13 48 22 
13 50 32 
13 51 47 
13 54 41 
13 58 6 
13 58 54 
13 59 46 
14 0 33 
14 2 8 
14 3 16 
14 3 54 
14 4 7 
14 4 40 
14 4 59 
14 5 12 
14 6 8 
14 6 55 
14 7 20 
14 7 34 
14 7 48 
14 8 38 
14 8 52 
14 8 56 
14 9 11 
14 10 12 
14 11 34 
14 12 17 
14 13 12 
14 13 37 
14 14 7 
14 17 1 
14 18 48 
14 19 36 
14 20 17 
14 21 50 
14 23 7 
14 24 20 
14 27 35 
14 28 6 
14 28 10 
14 28 46 
14 30 14 
14 30 47 
14 30 48 
14 31 42 
14 31 46 
14 34 11 
14 34 24 
14 34 57 
14 35 30 
14 36 0 
14 36 25 
14 36 48 
14 37 15 
14 37 39 
14 37 55 
14 38 40 
14 39 1 
14 39 54 
14 40 53 
14 41 27 
14 42 25 
14 42 41 
14 43 2 
14 43 17 
14 43 37 
14 45 37 
14 46 42 
14 47 48 
14 48 53 
14 49 43 
14 49 47 
14 50 37 
14 51 8 
14 51 15 
14 51 58 
14 52 27 
14 53 22 
14 53 56 
14 54 45 
14 56 6 
14 56 28 
14 58 5 
14 59 0 
14 59 20 
15 0 59 
15 1 28 
15 3 11 
15 7 43 
15 8 19 
15 8 46 
15 10 14 
15 10 59 
15 13 44 
15 13 50 
15 15 41 
15 15 56 
15 16 5 
15 16 24 
15 17 10 
15 17 56 
15 18 32 
15 19 34 
15 19 43 
15 21 32 
15 21 50 
15 22 6 
15 24 57 
15 25 35 
15 25 49 
15 26 5 
15 26 30 
15 27 30 
15 27 39 
15 29 1 
15 29 16 
15 30 5 
15 30 19 
15 31 13 
15 31 57 
15 32 16 
15 32 51 
15 33 25 
15 35 12 
15 37 55 
15 38 51 
15 38 52 
15 40 7 
15 40 56 
15 42 28 
15 43 46 
15 43 51 
15 45 57 
15 48 24 
15 50 52 
15 51 12 
15 51 30 
15 52 6 
15 53 50 
15 55 46 
15 57 24 
15 58 6 
15 58 26 
15 59 10 
15 59 20 
15 59 32 
16 0 20 
16 0 34 
16 2 51 
16 3 0 
16 4 47 
16 5 20 
16 6 32 
16 6 51 
16 7 9 
16 7 45 
16 7 57 
16 8 53 
16 11 17 
16 12 6 
16 12 9 
16 12 42 
16 13 22 
16 16 29 
16 17 45 
16 18 13 
16 19 7 
16 21 3 
16 22 43 
